II. INDEX VERBORUM. 685

111,161 1101. nai 1011 1111 111, 11111111 Ι, 179 1101. II, 156. hinc
214 1101. 11111(01111111)Ι, 30001. 3111111111 11 similia VII ‚ 14 1101.
IX, 11. (1011. 1, 95. 110 1101.) V, 11110111 (adducere) lv, 16 1101.
50 1101.1,106.1Ι, 37110111, 111111τέ111 1, 88 1101. 111, 211101.
50. 111, 209. 1111, 68. s. 1. 111 111011111111,11 1101. 86.

1111101 (dona) III, 14 1101. - 111(1111’1111111)Ι,97 1101.11111011101
1011101 111, 32 1101. -1111 1,111 Ι, 38. 1, 87. 111 ἀνὴρ 11111111·
011111. IV, 114 101. ἦν 1110 110011. 1101 11, 127 1101. ἓν 11111ςῖ1 11,
V, 12 1101. ἦσαν 1110 11111- 1101101.110113111,321101.111,
11111. VIII, 111. 11011111 11011 I, 108. ἓν 0111101111 III, 6 1101. iv
31 1101. I, 63. VIII, 1101.(10111. 1110110111, 145. 1, 3.
1101111111. 13111111 1111111 1. ἦσαν 110111,791101.1101011101 111,611101.
I, 0211011, 105. I, 180. III, 1111. 1101101) 1,87.111 1101. 11,
11. 111 01 11 111, 11 ...1. 1401101.1,190.1111,88.111,
Imm 1, 19611, 12026011, 93110111 VII, 106. 1110111011,
36 not. VI, 133. VII, 119 not. 142 1101. 1110 11πό post 1111111.
111, 401101. ἔα 111 11011111. 1,187. 111, 237. 111, 66. 121. ς. 5.
1101. 11, 19. 10111 1, 155. 11111 11001111. Ι, 1011, 1481101. 11,
(11111) 111, 51 not. - 1111 1111111111, 11. 111. 115 not.

ἓ 1111 111, 143 001. - Ian (in 111111111101111111111111011) 1, 185

imperfecto) IV, 119. 1,112. §.L not. 186 110111, 120. 133. 1111111-
111011101 VIII, 77 1101. (1101. addit. 1, 190.
11111011, 51. 1111111 VIII, 140. s. 2 1101.

ἔ 1111111111 11101 III, 122 1101. 111, 42. 111. q. 110111, 1421101.
1 11111011 1011100 1111111 111, 71 1101. 111 1111111111, 23 1101.

75.1111111111111111011101.111, 111 111101 111011 et 111111. 111, 83.
46. I, 130 1101. 11, 37. 38. II, 02 1111, 22 1101. 01111.11,142.1111,73.
1101. 1, 115. 11, 108. 10111. p. 111 1111111 (11011111) 111, 82.

. 466. 10111111 11111111 III, 75, 122 11111 160001, 88 1101. 11, 84111,

1101.(1111011111111111111)111, 1221101. 215. 37.
1111011 et 111111, eluat 1111111111 1101111109.
101. IV. 11. 466 1101. 111 Ι, 20. 111 11111, 60 1101. V, 116.
22. 49. 57. II, 19. 89. 111, 111 τῆς (11111111116001. ἐξ ἐναν-
22. IV, 167. 111, 226. VIII, 65. 11ης 111, 225. 1111, 7.
112. (11111) 11111111, 61 1101. II, 111 τῆς 10111111, 101 not. 111, 127
21. 53. 134. ΙΙΙ, 82. 001. 111, 37 1101. 111, 205.
1111011 11, 77. 156 001. 11, 15. 1111011 111φᾶ1101 111, 150 1101. I,
VII, 184 not. VIII, 119 not. 111. IV, 120. 1, 37.
111111111111111111, 85 001. 111 toti φανεροῦ 11, 77. 1, 00.
1111111111, 110 1101. 1111, 1261101. I, 111. 1, 37.
111101111111011111, 08 1101. 111 00101100111, 861101. ἔξ 1111100-
111111101110111 1, 195. 1101111101 111, 204 1101. I, 111.
“ 11101111(11111111111)1, 321101. 1111111111 1111131011111,61101. .
11 1111111111 00111111.1101.11111,53. ἐξ 0111111011 I, 111 1101.
11101111 λέξις (Herodoti) Vol. IV. ἐξ 1101111111 1, 108 1101. 1, 1061101.
11. 471. 11, 85.

 

